                                             A ZAMS Stellar Model
                                             --------------------

                                             M    =     0.75000 solar
                                             L    =     0.18800 solar
                                             R    =     0.98181 solar
                                             Teff =  3839.00000 K    
                                             X    =     0.70000
                                             Y    =     0.29200
                                             Z    =     0.00800



 zone      r         tau     1-M_r/Ms      L_r         T          P         rho        kap        eps    dlnPdlnT
    0  6.829e+08          0          0  7.217e+25  0.000e+00  0.000e+00  0.000e+00  0.000e+00  0.000e+00  r 99.9
    1  6.822e+08  2.385e-01  3.919e-14  7.217e+25  2.564e+03  5.145e-01  1.467e-08  4.762e+01 5.286e-115  r  1.0
    2  6.822e+08  5.337e-01  1.176e-13  7.217e+25  6.933e+03  4.801e+00  4.544e-08  3.656e+00  1.535e-84  c  1.8
    3  6.815e+08  6.060e-01  2.606e-13  7.217e+25  1.131e+04  1.265e+01  5.634e-08  8.102e-01  5.290e-73  c  1.9
    4  6.808e+08  6.223e-01  3.723e-13  7.217e+25  1.569e+04  1.881e+01  1.674e-08  1.273e-01  7.384e-67  c  1.2
    5  6.801e+08  6.319e-01  6.023e-13  7.217e+25  2.009e+04  3.155e+01  1.173e-07  2.210e-01  1.876e-61  c  2.1
    6  6.794e+08  6.521e-01  9.144e-13  7.217e+25  2.229e+04  4.887e+01  1.638e-07  2.038e-01  1.686e-59  r  4.1
    7  6.788e+08  6.639e-01  1.245e-12  7.217e+25  2.229e+04  6.734e+01  1.723e-08  6.198e-02  1.773e-60  r 99.9
    8  6.781e+08  6.650e-01  1.304e-12  7.217e+25  2.229e+04  7.064e+01  2.828e-08  7.560e-02  2.911e-60  r 99.9
    9  6.774e+08  6.672e-01  1.401e-12  7.217e+25  2.229e+04  7.607e+01  4.647e-08  9.591e-02  4.783e-60  r 99.9
   10  6.767e+08  6.720e-01  1.559e-12  7.217e+25  2.229e+04  8.501e+01  7.643e-08  1.262e-01  7.867e-60  r 99.9
   11  6.760e+08  6.827e-01  1.819e-12  7.217e+25  2.229e+04  9.975e+01  1.258e-07  1.715e-01  1.295e-59  r 99.9
   12  6.753e+08  7.070e-01  2.247e-12  7.217e+25  2.229e+04  1.241e+02  2.074e-07  2.391e-01  2.135e-59  r 99.9
   13  6.747e+08  7.637e-01  2.951e-12  7.217e+25  2.229e+04  1.643e+02  3.421e-07  3.402e-01  3.524e-59  r 99.9
   14  6.740e+08  8.982e-01  4.110e-12  7.217e+25  2.229e+04  2.308e+02  5.650e-07  4.916e-01  5.824e-59  r 99.9
   15  6.733e+08  1.222e+00  6.022e-12  7.217e+25  2.229e+04  3.409e+02  9.339e-07  7.182e-01  9.647e-59  r 99.9
   16  6.726e+08  2.009e+00  9.177e-12  7.217e+25  2.229e+04  5.234e+02  1.545e-06  1.058e+00  1.604e-58  r 99.9
   17  6.719e+08  3.934e+00  1.439e-11  7.217e+25  2.230e+04  8.260e+02  2.558e-06  1.565e+00  2.688e-58  r 99.9
   18  6.712e+08  8.660e+00  2.300e-11  7.217e+25  2.231e+04  1.328e+03  4.236e-06  2.322e+00  4.585e-58  r 99.9
   19  6.706e+08  2.025e+01  3.723e-11  7.217e+25  2.236e+04  2.161e+03  7.010e-06  3.438e+00  8.160e-58  r 99.9
   20  6.699e+08  4.837e+01  6.069e-11  7.217e+25  2.245e+04  3.540e+03  1.156e-05  5.039e+00  1.603e-57  r 99.9
   21  6.692e+08  1.147e+02  9.915e-11  7.217e+25  2.269e+04  5.811e+03  1.891e-05  7.197e+00  3.924e-57  r 47.2
   22  6.685e+08  2.621e+02  1.614e-10  7.217e+25  2.319e+04  9.499e+03  3.036e-05  9.739e+00  1.471e-56  r 22.2
   23  6.678e+08  5.581e+02  2.595e-10  7.217e+25  2.412e+04  1.534e+04  4.724e-05  1.209e+01  1.043e-55  r 12.0
   24  6.671e+08  1.081e+03  4.087e-10  7.217e+25  2.555e+04  2.425e+04  7.057e-05  1.361e+01  1.408e-54  r  7.8
   25  6.665e+08  1.900e+03  6.262e-10  7.217e+25  2.743e+04  3.730e+04  1.012e-04  1.420e+01  2.782e-53  r  6.0
   26  6.658e+08  3.068e+03  9.317e-10  7.217e+25  2.958e+04  5.571e+04  1.402e-04  1.416e+01  5.945e-52  r  5.2
   27  6.651e+08  4.637e+03  1.348e-09  7.217e+25  3.189e+04  8.087e+04  1.888e-04  1.382e+01  1.140e-50  r  4.9
   28  6.644e+08  6.662e+03  1.900e-09  7.217e+25  3.428e+04  1.144e+05  2.485e-04  1.337e+01  1.820e-49  r  4.7
   29  6.637e+08  9.209e+03  2.617e-09  7.217e+25  3.673e+04  1.582e+05  3.207e-04  1.290e+01  2.381e-48  r  4.7
   30  6.631e+08  1.235e+04  3.534e-09  7.217e+25  3.920e+04  2.143e+05  4.071e-04  1.244e+01  2.573e-47  r  4.6
   31  6.624e+08  1.617e+04  4.686e-09  7.217e+25  4.169e+04  2.851e+05  5.094e-04  1.201e+01  2.335e-46  r  4.6
   32  6.617e+08  2.075e+04  6.114e-09  7.217e+25  4.420e+04  3.733e+05  6.292e-04  1.160e+01  1.812e-45  r  4.6
   33  6.610e+08  2.619e+04  7.865e-09  7.217e+25  4.671e+04  4.819e+05  7.686e-04  1.123e+01  1.223e-44  r  4.6
   34  6.603e+08  3.259e+04  9.988e-09  7.217e+25  4.923e+04  6.140e+05  9.293e-04  1.088e+01  7.292e-44  r  4.6
   35  6.596e+08  4.006e+04  1.254e-08  7.217e+25  5.176e+04  7.734e+05  1.113e-03  1.056e+01  3.890e-43  r  4.6
   36  6.590e+08  4.871e+04  1.557e-08  7.217e+25  5.429e+04  9.638e+05  1.323e-03  1.027e+01  1.879e-42  r  4.6
   37  6.583e+08  5.866e+04  1.915e-08  7.217e+25  5.683e+04  1.190e+06  1.560e-03  9.988e+00  8.296e-42  r  4.6
   38  6.576e+08  7.005e+04  2.336e-08  7.217e+25  5.938e+04  1.456e+06  1.827e-03  9.730e+00  3.379e-41  r  4.6
   39  6.569e+08  8.301e+04  2.825e-08  7.217e+25  6.193e+04  1.767e+06  2.126e-03  9.487e+00  1.278e-40  r  4.6
   40  6.562e+08  9.767e+04  3.392e-08  7.217e+25  6.449e+04  2.129e+06  2.460e-03  9.260e+00  4.525e-40  r  4.6
   41  6.555e+08  1.142e+05  4.045e-08  7.217e+25  6.706e+04  2.547e+06  2.831e-03  9.047e+00  1.507e-39  r  4.6
   42  6.549e+08  1.327e+05  4.792e-08  7.217e+25  6.963e+04  3.028e+06  3.242e-03  8.845e+00  4.745e-39  r  4.6
   43  6.542e+08  1.534e+05  5.644e-08  7.217e+25  7.220e+04  3.579e+06  3.695e-03  8.655e+00  1.419e-38  r  4.6
   44  6.535e+08  1.765e+05  6.611e-08  7.217e+25  7.479e+04  4.206e+06  4.193e-03  8.475e+00  4.048e-38  r  4.6
   45  6.528e+08  2.021e+05  7.704e-08  7.217e+25  7.737e+04  4.919e+06  4.739e-03  8.305e+00  1.105e-37  r  4.6
   46  6.521e+08  2.303e+05  8.934e-08  7.217e+25  7.997e+04  5.724e+06  5.336e-03  8.143e+00  2.896e-37  r  4.6
   47  6.514e+08  2.615e+05  1.031e-07  7.217e+25  8.256e+04  6.630e+06  5.987e-03  7.989e+00  7.309e-37  r  4.6
   48  6.508e+08  2.958e+05  1.186e-07  7.217e+25  8.517e+04  7.648e+06  6.695e-03  7.842e+00  1.781e-36  r  4.6
   49  6.501e+08  3.333e+05  1.357e-07  7.217e+25  8.778e+04  8.787e+06  7.464e-03  7.702e+00  4.198e-36  r  4.6
   50  6.494e+08  3.744e+05  1.548e-07  7.217e+25  9.039e+04  1.006e+07  8.296e-03  7.569e+00  9.599e-36  r  4.6
   51  6.487e+08  4.192e+05  1.760e-07  7.217e+25  9.301e+04  1.147e+07  9.194e-03  7.441e+00  2.132e-35  r  4.6
   52  6.480e+08  4.679e+05  1.993e-07  7.217e+25  9.564e+04  1.304e+07  1.016e-02  7.319e+00  4.611e-35  r  4.6
   53  6.473e+08  5.209e+05  2.250e-07  7.217e+25  9.827e+04  1.477e+07  1.121e-02  7.201e+00  9.720e-35  r  4.6
   54  6.467e+08  5.783e+05  2.533e-07  7.217e+25  1.009e+05  1.668e+07  1.233e-02  7.089e+00  2.000e-34  r  4.6
   55  6.460e+08  6.404e+05  2.843e-07  7.217e+25  1.036e+05  1.879e+07  1.353e-02  6.980e+00  4.025e-34  r  4.6
   56  6.453e+08  7.074e+05  3.182e-07  7.217e+25  1.062e+05  2.110e+07  1.482e-02  6.876e+00  7.928e-34  r  4.6
   57  6.446e+08  7.796e+05  3.552e-07  7.217e+25  1.089e+05  2.364e+07  1.619e-02  6.776e+00  1.530e-33  r  4.6
   58  6.439e+08  8.574e+05  3.956e-07  7.217e+25  1.115e+05  2.642e+07  1.767e-02  6.679e+00  2.898e-33  r  4.6
   59  6.432e+08  9.409e+05  4.394e-07  7.217e+25  1.142e+05  2.945e+07  1.923e-02  6.586e+00  5.391e-33  r  4.6
   60  6.426e+08  1.031e+06  4.870e-07  7.217e+25  1.169e+05  3.275e+07  2.090e-02  6.497e+00  9.855e-33  r  4.6
   61  6.419e+08  1.127e+06  5.386e-07  7.217e+25  1.195e+05  3.635e+07  2.268e-02  6.410e+00  1.772e-32  r  4.6
   62  6.412e+08  1.229e+06  5.944e-07  7.217e+25  1.222e+05  4.026e+07  2.456e-02  6.326e+00  3.138e-32  r  4.6
   63  6.405e+08  1.339e+06  6.546e-07  7.217e+25  1.249e+05  4.449e+07  2.656e-02  6.245e+00  5.475e-32  r  4.6
   64  6.398e+08  1.456e+06  7.196e-07  7.217e+25  1.276e+05  4.908e+07  2.868e-02  6.166e+00  9.417e-32  r  4.6
   65  6.392e+08  1.581e+06  7.896e-07  7.217e+25  1.303e+05  5.405e+07  3.093e-02  6.090e+00  1.598e-31  r  4.6
   66  6.385e+08  1.713e+06  8.648e-07  7.217e+25  1.330e+05  5.940e+07  3.330e-02  6.016e+00  2.677e-31  r  4.6
   67  6.378e+08  1.854e+06  9.456e-07  7.217e+25  1.357e+05  6.518e+07  3.581e-02  5.945e+00  4.430e-31  r  4.6
   68  6.371e+08  2.004e+06  1.032e-06  7.217e+25  1.385e+05  7.140e+07  3.846e-02  5.876e+00  7.245e-31  r  4.6
   69  6.364e+08  2.163e+06  1.125e-06  7.217e+25  1.412e+05  7.810e+07  4.125e-02  5.808e+00  1.171e-30  r  4.6
   70  6.357e+08  2.332e+06  1.224e-06  7.217e+25  1.439e+05  8.528e+07  4.420e-02  5.743e+00  1.874e-30  r  4.6
   71  6.351e+08  2.510e+06  1.330e-06  7.217e+25  1.467e+05  9.300e+07  4.730e-02  5.679e+00  2.966e-30  r  4.6
   72  6.344e+08  2.699e+06  1.443e-06  7.217e+25  1.494e+05  1.013e+08  5.056e-02  5.617e+00  4.649e-30  r  4.6
   73  6.337e+08  2.898e+06  1.564e-06  7.217e+25  1.522e+05  1.101e+08  5.398e-02  5.557e+00  7.216e-30  r  4.6
   74  6.330e+08  3.109e+06  1.692e-06  7.217e+25  1.549e+05  1.196e+08  5.758e-02  5.499e+00  1.110e-29  r  4.6
   75  6.323e+08  3.331e+06  1.829e-06  7.217e+25  1.577e+05  1.297e+08  6.136e-02  5.442e+00  1.692e-29  r  4.6
   76  6.316e+08  3.565e+06  1.974e-06  7.217e+25  1.605e+05  1.405e+08  6.532e-02  5.386e+00  2.557e-29  r  4.6
   77  6.310e+08  3.811e+06  2.128e-06  7.217e+25  1.632e+05  1.520e+08  6.947e-02  5.332e+00  3.834e-29  r  4.6
   78  6.303e+08  4.071e+06  2.292e-06  7.217e+25  1.660e+05  1.643e+08  7.382e-02  5.279e+00  5.702e-29  r  4.6
   79  6.296e+08  4.344e+06  2.465e-06  7.217e+25  1.688e+05  1.773e+08  7.837e-02  5.228e+00  8.416e-29  r  4.6
   80  6.289e+08  4.631e+06  2.649e-06  7.217e+25  1.716e+05  1.912e+08  8.313e-02  5.177e+00  1.233e-28  r  4.6
   81  6.282e+08  4.932e+06  2.843e-06  7.217e+25  1.744e+05  2.060e+08  8.811e-02  5.128e+00  1.794e-28  r  4.6
   82  6.275e+08  5.248e+06  3.048e-06  7.217e+25  1.772e+05  2.216e+08  9.331e-02  5.080e+00  2.591e-28  r  4.6
   83  6.269e+08  5.580e+06  3.265e-06  7.217e+25  1.800e+05  2.383e+08  9.874e-02  5.034e+00  3.719e-28  r  4.6
   84  6.262e+08  5.927e+06  3.494e-06  7.217e+25  1.828e+05  2.559e+08  1.044e-01  4.988e+00  5.303e-28  r  4.6
   85  6.255e+08  6.291e+06  3.735e-06  7.217e+25  1.857e+05  2.745e+08  1.103e-01  4.943e+00  7.515e-28  r  4.6
   86  6.248e+08  6.672e+06  3.990e-06  7.217e+25  1.885e+05  2.943e+08  1.165e-01  4.899e+00  1.059e-27  r  4.6
   87  6.241e+08  7.071e+06  4.258e-06  7.217e+25  1.913e+05  3.152e+08  1.229e-01  4.857e+00  1.482e-27  r  4.6
   88  6.234e+08  7.488e+06  4.540e-06  7.217e+25  1.942e+05  3.373e+08  1.296e-01  4.815e+00  2.064e-27  r  4.6
   89  6.228e+08  7.923e+06  4.836e-06  7.217e+25  1.970e+05  3.606e+08  1.366e-01  4.774e+00  2.859e-27  r  4.6
   90  6.221e+08  8.378e+06  5.148e-06  7.217e+25  1.999e+05  3.853e+08  1.438e-01  4.734e+00  3.938e-27  r  4.6
   91  6.214e+08  8.853e+06  5.475e-06  7.217e+25  2.028e+05  4.113e+08  1.513e-01  4.694e+00  5.397e-27  r  4.6
   92  6.207e+08  9.349e+06  5.819e-06  7.217e+25  2.056e+05  4.387e+08  1.592e-01  4.656e+00  7.360e-27  r  4.6
   93  6.200e+08  9.865e+06  6.180e-06  7.217e+25  2.085e+05  4.675e+08  1.673e-01  4.618e+00  9.987e-27  r  4.6
   94  6.193e+08  1.040e+07  6.558e-06  7.217e+25  2.114e+05  4.980e+08  1.758e-01  4.581e+00  1.349e-26  r  4.6
   95  6.187e+08  1.097e+07  6.954e-06  7.217e+25  2.143e+05  5.300e+08  1.845e-01  4.545e+00  1.814e-26  r  4.6
   96  6.180e+08  1.155e+07  7.369e-06  7.217e+25  2.172e+05  5.636e+08  1.936e-01  4.509e+00  2.428e-26  r  4.6
   97  6.173e+08  1.216e+07  7.803e-06  7.217e+25  2.201e+05  5.991e+08  2.031e-01  4.475e+00  3.235e-26  r  4.6
   98  6.166e+08  1.279e+07  8.258e-06  7.217e+25  2.230e+05  6.363e+08  2.129e-01  4.440e+00  4.294e-26  r  4.6
   99  6.159e+08  1.345e+07  8.733e-06  7.217e+25  2.259e+05  6.753e+08  2.231e-01  4.407e+00  5.675e-26  r  4.6
  100  6.153e+08  1.413e+07  9.230e-06  7.217e+25  2.288e+05  7.164e+08  2.336e-01  4.374e+00  7.472e-26  r  4.6
  101  6.146e+08  1.485e+07  9.749e-06  7.217e+25  2.318e+05  7.594e+08  2.445e-01  4.341e+00  9.798e-26  r  4.6
  102  6.139e+08  1.558e+07  1.029e-05  7.217e+25  2.347e+05  8.046e+08  2.558e-01  4.310e+00  1.280e-25  r  4.6
  103  6.132e+08  1.635e+07  1.086e-05  7.217e+25  2.376e+05  8.519e+08  2.675e-01  4.279e+00  1.666e-25  r  4.6
  104  6.125e+08  1.715e+07  1.145e-05  7.217e+25  2.406e+05  9.015e+08  2.796e-01  4.248e+00  2.161e-25  r  4.6
  105  6.118e+08  1.797e+07  1.206e-05  7.217e+25  2.435e+05  9.534e+08  2.921e-01  4.218e+00  2.793e-25  r  4.6
  106  6.112e+08  1.883e+07  1.270e-05  7.217e+25  2.465e+05  1.008e+09  3.051e-01  4.188e+00  3.598e-25  r  4.6
  107  6.105e+08  1.972e+07  1.337e-05  7.217e+25  2.495e+05  1.065e+09  3.184e-01  4.159e+00  4.619e-25  r  4.6
  108  6.098e+08  2.064e+07  1.406e-05  7.217e+25  2.525e+05  1.124e+09  3.323e-01  4.130e+00  5.910e-25  r  4.6
  109  6.091e+08  2.159e+07  1.479e-05  7.217e+25  2.554e+05  1.186e+09  3.466e-01  4.102e+00  7.539e-25  r  4.6
  110  6.084e+08  2.258e+07  1.554e-05  7.217e+25  2.584e+05  1.251e+09  3.614e-01  4.075e+00  9.587e-25  r  4.6
  111  6.077e+08  2.361e+07  1.632e-05  7.217e+25  2.614e+05  1.319e+09  3.766e-01  4.047e+00  1.216e-24  r  4.6
  112  6.071e+08  2.466e+07  1.714e-05  7.217e+25  2.644e+05  1.390e+09  3.924e-01  4.021e+00  1.537e-24  r  4.6
  113  6.064e+08  2.576e+07  1.798e-05  7.217e+25  2.674e+05  1.465e+09  4.086e-01  3.994e+00  1.937e-24  r  4.6
  114  6.057e+08  2.689e+07  1.886e-05  7.217e+25  2.705e+05  1.542e+09  4.254e-01  3.968e+00  2.435e-24  r  4.6
  115  6.050e+08  2.807e+07  1.978e-05  7.217e+25  2.735e+05  1.622e+09  4.427e-01  3.943e+00  3.052e-24  r  4.6
  116  6.043e+08  2.928e+07  2.072e-05  7.217e+25  2.765e+05  1.707e+09  4.605e-01  3.918e+00  3.815e-24  r  4.6
  117  6.036e+08  3.053e+07  2.171e-05  7.217e+25  2.796e+05  1.794e+09  4.789e-01  3.893e+00  4.757e-24  r  4.6
  118  6.030e+08  3.182e+07  2.273e-05  7.217e+25  2.826e+05  1.886e+09  4.979e-01  3.869e+00  5.917e-24  r  4.6
  119  6.023e+08  3.316e+07  2.379e-05  7.217e+25  2.857e+05  1.981e+09  5.175e-01  3.844e+00  7.340e-24  r  4.6
  120  6.016e+08  3.454e+07  2.488e-05  7.217e+25  2.887e+05  2.080e+09  5.376e-01  3.821e+00  9.084e-24  r  4.6
  121  6.009e+08  3.597e+07  2.602e-05  7.217e+25  2.918e+05  2.183e+09  5.584e-01  3.798e+00  1.121e-23  r  4.6
  122  6.002e+08  3.744e+07  2.720e-05  7.217e+25  2.949e+05  2.291e+09  5.797e-01  3.775e+00  1.381e-23  r  4.6
  123  5.995e+08  3.896e+07  2.842e-05  7.217e+25  2.979e+05  2.402e+09  6.017e-01  3.752e+00  1.697e-23  r  4.6
  124  5.989e+08  4.052e+07  2.968e-05  7.217e+25  3.010e+05  2.519e+09  6.244e-01  3.730e+00  2.081e-23  r  4.6
  125  5.982e+08  4.214e+07  3.099e-05  7.217e+25  3.041e+05  2.640e+09  6.477e-01  3.708e+00  2.546e-23  r  4.6
  126  5.975e+08  4.380e+07  3.235e-05  7.217e+25  3.072e+05  2.765e+09  6.717e-01  3.686e+00  3.108e-23  r  4.6
  127  5.968e+08  4.552e+07  3.375e-05  7.217e+25  3.103e+05  2.896e+09  6.964e-01  3.665e+00  3.786e-23  r  4.6
  128  5.961e+08  4.729e+07  3.519e-05  7.217e+25  3.135e+05  3.032e+09  7.218e-01  3.643e+00  4.603e-23  r  4.6
  129  5.954e+08  4.911e+07  3.669e-05  7.217e+25  3.166e+05  3.173e+09  7.479e-01  3.623e+00  5.584e-23  r  4.6
  130  5.948e+08  5.099e+07  3.824e-05  7.217e+25  3.197e+05  3.319e+09  7.747e-01  3.602e+00  6.761e-23  r  4.6
  131  5.941e+08  5.292e+07  3.984e-05  7.217e+25  3.229e+05  3.471e+09  8.023e-01  3.582e+00  8.170e-23  r  4.6
  132  5.934e+08  5.491e+07  4.149e-05  7.217e+25  3.260e+05  3.629e+09  8.307e-01  3.562e+00  9.855e-23  r  4.6
  133  5.927e+08  5.696e+07  4.320e-05  7.217e+25  3.292e+05  3.792e+09  8.598e-01  3.542e+00  1.186e-22  r  4.6
  134  5.920e+08  5.907e+07  4.496e-05  7.217e+25  3.323e+05  3.962e+09  8.898e-01  3.523e+00  1.426e-22  r  4.6
  135  5.914e+08  6.125e+07  4.678e-05  7.217e+25  3.355e+05  4.138e+09  9.205e-01  3.503e+00  1.710e-22  r  4.6
  136  5.907e+08  6.348e+07  4.866e-05  7.217e+25  3.387e+05  4.321e+09  9.521e-01  3.484e+00  2.047e-22  r  4.6
  137  5.900e+08  6.578e+07  5.059e-05  7.217e+25  3.418e+05  4.510e+09  9.846e-01  3.466e+00  2.447e-22  r  4.6
  138  5.893e+08  6.814e+07  5.259e-05  7.217e+25  3.450e+05  4.706e+09  1.018e+00  3.447e+00  2.920e-22  r  4.6
  139  5.886e+08  7.057e+07  5.465e-05  7.217e+25  3.482e+05  4.909e+09  1.052e+00  3.429e+00  3.478e-22  r  4.6
  140  5.879e+08  7.307e+07  5.678e-05  7.217e+25  3.514e+05  5.120e+09  1.087e+00  3.411e+00  4.137e-22  r  4.6
  141  5.873e+08  7.564e+07  5.897e-05  7.217e+25  3.547e+05  5.338e+09  1.123e+00  3.393e+00  4.912e-22  r  4.6
  142  5.866e+08  7.827e+07  6.122e-05  7.217e+25  3.579e+05  5.564e+09  1.160e+00  3.376e+00  5.823e-22  r  4.6
  143  5.859e+08  8.098e+07  6.355e-05  7.217e+25  3.611e+05  5.797e+09  1.198e+00  3.358e+00  6.893e-22  r  4.6
  144  5.852e+08  8.377e+07  6.595e-05  7.217e+25  3.644e+05  6.039e+09  1.237e+00  3.341e+00  8.146e-22  r  4.6
  145  5.845e+08  8.663e+07  6.842e-05  7.217e+25  3.676e+05  6.289e+09  1.277e+00  3.324e+00  9.613e-22  r  4.6
  146  5.838e+08  8.957e+07  7.096e-05  7.217e+25  3.709e+05  6.548e+09  1.318e+00  3.307e+00  1.133e-21  r  4.6
  147  5.832e+08  9.258e+07  7.357e-05  7.217e+25  3.741e+05  6.816e+09  1.360e+00  3.291e+00  1.333e-21  r  4.6
  148  5.825e+08  9.568e+07  7.627e-05  7.217e+25  3.774e+05  7.093e+09  1.403e+00  3.274e+00  1.566e-21  r  4.6
  149  5.818e+08  9.886e+07  7.904e-05  7.217e+25  3.807e+05  7.379e+09  1.447e+00  3.258e+00  1.837e-21  r  4.6
  150  5.811e+08  1.021e+08  8.189e-05  7.217e+25  3.839e+05  7.675e+09  1.492e+00  3.242e+00  2.153e-21  r  4.6
  151  5.804e+08  1.055e+08  8.482e-05  7.217e+25  3.872e+05  7.981e+09  1.538e+00  3.226e+00  2.519e-21  r  4.6
  152  5.797e+08  1.089e+08  8.784e-05  7.217e+25  3.905e+05  8.297e+09  1.586e+00  3.211e+00  2.943e-21  r  4.6
  153  5.791e+08  1.124e+08  9.094e-05  7.217e+25  3.938e+05  8.624e+09  1.634e+00  3.195e+00  3.435e-21  r  4.6
  154  5.784e+08  1.160e+08  9.413e-05  7.217e+25  3.972e+05  8.961e+09  1.684e+00  3.180e+00  4.003e-21  r  4.6
  155  5.777e+08  1.197e+08  9.741e-05  7.217e+25  4.005e+05  9.310e+09  1.735e+00  3.165e+00  4.660e-21  r  4.6
  156  5.770e+08  1.235e+08  1.008e-04  7.217e+25  4.038e+05  9.669e+09  1.787e+00  3.150e+00  5.418e-21  r  4.6
  157  5.763e+08  1.274e+08  1.042e-04  7.217e+25  4.072e+05  1.004e+10  1.841e+00  3.135e+00  6.291e-21  r  4.6
  158  5.756e+08  1.314e+08  1.078e-04  7.217e+25  4.105e+05  1.042e+10  1.895e+00  3.120e+00  7.296e-21  r  4.6
  159  5.750e+08  1.355e+08  1.115e-04  7.217e+25  4.139e+05  1.082e+10  1.951e+00  3.106e+00  8.451e-21  r  4.6
  160  5.743e+08  1.397e+08  1.152e-04  7.217e+25  4.172e+05  1.123e+10  2.009e+00  3.092e+00  9.779e-21  r  4.6
  161  5.736e+08  1.440e+08  1.191e-04  7.217e+25  4.206e+05  1.165e+10  2.067e+00  3.078e+00  1.130e-20  r  4.6
  162  5.729e+08  1.484e+08  1.230e-04  7.217e+25  4.240e+05  1.208e+10  2.127e+00  3.063e+00  1.305e-20  r  4.6
  163  5.722e+08  1.529e+08  1.271e-04  7.217e+25  4.274e+05  1.253e+10  2.189e+00  3.050e+00  1.504e-20  r  4.6
  164  5.715e+08  1.575e+08  1.312e-04  7.217e+25  4.308e+05  1.299e+10  2.251e+00  3.036e+00  1.733e-20  r  4.6
  165  5.709e+08  1.622e+08  1.355e-04  7.217e+25  4.342e+05  1.347e+10  2.316e+00  3.022e+00  1.994e-20  r  4.6
  166  5.702e+08  1.671e+08  1.399e-04  7.217e+25  4.376e+05  1.396e+10  2.382e+00  3.009e+00  2.292e-20  r  4.6
  167  5.695e+08  1.720e+08  1.444e-04  7.217e+25  4.410e+05  1.447e+10  2.449e+00  2.996e+00  2.631e-20  r  4.6
  168  5.688e+08  1.771e+08  1.490e-04  7.217e+25  4.444e+05  1.499e+10  2.518e+00  2.982e+00  3.018e-20  r  4.6
  169  5.681e+08  1.823e+08  1.538e-04  7.217e+25  4.479e+05  1.553e+10  2.588e+00  2.969e+00  3.458e-20  r  4.6
  170  5.675e+08  1.876e+08  1.586e-04  7.217e+25  4.513e+05  1.608e+10  2.660e+00  2.956e+00  3.958e-20  r  4.6
  171  5.668e+08  1.930e+08  1.636e-04  7.217e+25  4.548e+05  1.665e+10  2.733e+00  2.944e+00  4.526e-20  r  4.6
  172  5.661e+08  1.986e+08  1.687e-04  7.217e+25  4.582e+05  1.724e+10  2.808e+00  2.931e+00  5.171e-20  r  4.6
  173  5.654e+08  2.042e+08  1.739e-04  7.217e+25  4.617e+05  1.785e+10  2.885e+00  2.918e+00  5.902e-20  r  4.6
  174  5.647e+08  2.101e+08  1.793e-04  7.217e+25  4.652e+05  1.847e+10  2.964e+00  2.906e+00  6.729e-20  r  4.6
  175  5.640e+08  2.160e+08  1.848e-04  7.217e+25  4.687e+05  1.911e+10  3.044e+00  2.894e+00  7.666e-20  r  4.6
  176  5.634e+08  2.221e+08  1.904e-04  7.217e+25  4.722e+05  1.978e+10  3.126e+00  2.881e+00  8.725e-20  r  4.6
  177  5.627e+08  2.283e+08  1.962e-04  7.217e+25  4.757e+05  2.046e+10  3.210e+00  2.869e+00  9.921e-20  r  4.6
  178  5.620e+08  2.347e+08  2.021e-04  7.217e+25  4.792e+05  2.116e+10  3.295e+00  2.857e+00  1.127e-19  r  4.6
  179  5.613e+08  2.412e+08  2.081e-04  7.217e+25  4.827e+05  2.188e+10  3.383e+00  2.845e+00  1.279e-19  r  4.6
  180  5.606e+08  2.478e+08  2.143e-04  7.217e+25  4.863e+05  2.262e+10  3.472e+00  2.834e+00  1.451e-19  r  4.6
  181  5.599e+08  2.546e+08  2.206e-04  7.217e+25  4.898e+05  2.338e+10  3.563e+00  2.822e+00  1.644e-19  r  4.6
  182  5.593e+08  2.615e+08  2.271e-04  7.217e+25  4.934e+05  2.417e+10  3.656e+00  2.811e+00  1.862e-19  r  4.6
  183  5.586e+08  2.686e+08  2.338e-04  7.217e+25  4.969e+05  2.497e+10  3.751e+00  2.799e+00  2.106e-19  r  4.6
  184  5.579e+08  2.759e+08  2.406e-04  7.217e+25  5.005e+05  2.580e+10  3.848e+00  2.788e+00  2.380e-19  r  4.6
  185  5.572e+08  2.833e+08  2.475e-04  7.217e+25  5.041e+05  2.666e+10  3.947e+00  2.777e+00  2.688e-19  r  4.6
  186  5.565e+08  2.909e+08  2.546e-04  7.217e+25  5.076e+05  2.754e+10  4.049e+00  2.766e+00  3.034e-19  r  4.6
  187  5.558e+08  2.986e+08  2.619e-04  7.217e+25  5.112e+05  2.844e+10  4.152e+00  2.755e+00  3.421e-19  r  4.6
  188  5.552e+08  3.065e+08  2.694e-04  7.217e+25  5.148e+05  2.937e+10  4.257e+00  2.744e+00  3.855e-19  r  4.6
  189  5.545e+08  3.145e+08  2.770e-04  7.217e+25  5.185e+05  3.032e+10  4.365e+00  2.733e+00  4.340e-19  r  4.6
  190  5.538e+08  3.228e+08  2.848e-04  7.217e+25  5.221e+05  3.130e+10  4.475e+00  2.722e+00  4.882e-19  r  4.6
  191  5.531e+08  3.312e+08  2.927e-04  7.217e+25  5.257e+05  3.231e+10  4.587e+00  2.711e+00  5.489e-19  r  4.6
  192  5.524e+08  3.398e+08  3.009e-04  7.217e+25  5.294e+05  3.334e+10  4.701e+00  2.701e+00  6.166e-19  r  4.6
  193  5.517e+08  3.485e+08  3.092e-04  7.217e+25  5.330e+05  3.441e+10  4.818e+00  2.690e+00  6.921e-19  r  4.6
  194  5.511e+08  3.575e+08  3.177e-04  7.217e+25  5.367e+05  3.550e+10  4.937e+00  2.680e+00  7.764e-19  r  4.6
  195  5.504e+08  3.666e+08  3.264e-04  7.217e+25  5.403e+05  3.662e+10  5.059e+00  2.670e+00  8.703e-19  r  4.6
  196  5.497e+08  3.759e+08  3.353e-04  7.217e+25  5.440e+05  3.777e+10  5.183e+00  2.660e+00  9.748e-19  r  4.6
  197  5.490e+08  3.854e+08  3.444e-04  7.217e+25  5.477e+05  3.896e+10  5.309e+00  2.649e+00  1.091e-18  r  4.6
  198  5.483e+08  3.951e+08  3.537e-04  7.217e+25  5.514e+05  4.017e+10  5.438e+00  2.639e+00  1.221e-18  r  4.6
  199  5.476e+08  4.050e+08  3.632e-04  7.217e+25  5.551e+05  4.142e+10  5.570e+00  2.629e+00  1.364e-18  r  4.6
  200  5.470e+08  4.151e+08  3.729e-04  7.217e+25  5.588e+05  4.270e+10  5.704e+00  2.620e+00  1.524e-18  r  4.6
  201  5.463e+08  4.254e+08  3.828e-04  7.217e+25  5.625e+05  4.402e+10  5.841e+00  2.610e+00  1.702e-18  r  4.6
  202  5.456e+08  4.359e+08  3.929e-04  7.217e+25  5.663e+05  4.537e+10  5.980e+00  2.600e+00  1.898e-18  r  4.6
  203  5.449e+08  4.467e+08  4.032e-04  7.217e+25  5.700e+05  4.675e+10  6.122e+00  2.591e+00  2.117e-18  r  4.6
  204  5.442e+08  4.576e+08  4.138e-04  7.217e+25  5.738e+05  4.818e+10  6.267e+00  2.581e+00  2.358e-18  r  4.6
  205  5.436e+08  4.688e+08  4.245e-04  7.217e+25  5.775e+05  4.964e+10  6.415e+00  2.572e+00  2.626e-18  r  4.6
  206  5.429e+08  4.801e+08  4.355e-04  7.217e+25  5.813e+05  5.113e+10  6.566e+00  2.562e+00  2.922e-18  r  4.6
  207  5.422e+08  4.917e+08  4.467e-04  7.217e+25  5.851e+05  5.267e+10  6.719e+00  2.553e+00  3.250e-18  r  4.6
  208  5.415e+08  5.036e+08  4.582e-04  7.217e+25  5.889e+05  5.425e+10  6.876e+00  2.544e+00  3.612e-18  r  4.6
  209  5.408e+08  5.156e+08  4.699e-04  7.217e+25  5.927e+05  5.586e+10  7.036e+00  2.534e+00  4.013e-18  r  4.6
  210  5.401e+08  5.279e+08  4.818e-04  7.217e+25  5.965e+05  5.752e+10  7.198e+00  2.525e+00  4.455e-18  r  4.6
  211  5.395e+08  5.404e+08  4.940e-04  7.217e+25  6.003e+05  5.922e+10  7.364e+00  2.516e+00  4.943e-18  r  4.6
  212  5.388e+08  5.532e+08  5.064e-04  7.217e+25  6.041e+05  6.097e+10  7.533e+00  2.507e+00  5.481e-18  r  4.6
  213  5.381e+08  5.662e+08  5.191e-04  7.217e+25  6.080e+05  6.276e+10  7.705e+00  2.498e+00  6.074e-18  r  4.6
  214  5.374e+08  5.795e+08  5.320e-04  7.217e+25  6.118e+05  6.459e+10  7.880e+00  2.490e+00  6.728e-18  r  4.6
  215  5.367e+08  5.930e+08  5.452e-04  7.217e+25  6.157e+05  6.647e+10  8.059e+00  2.481e+00  7.448e-18  r  4.6
  216  5.360e+08  6.068e+08  5.587e-04  7.217e+25  6.195e+05  6.840e+10  8.241e+00  2.472e+00  8.240e-18  r  4.6
  217  5.354e+08  6.209e+08  5.724e-04  7.217e+25  6.234e+05  7.038e+10  8.427e+00  2.464e+00  9.112e-18  r  4.6
  218  5.347e+08  6.352e+08  5.864e-04  7.217e+25  6.273e+05  7.241e+10  8.616e+00  2.455e+00  1.007e-17  r  4.6
  219  5.340e+08  6.498e+08  6.007e-04  7.217e+25  6.312e+05  7.448e+10  8.808e+00  2.446e+00  1.112e-17  r  4.6
  220  5.333e+08  6.646e+08  6.152e-04  7.217e+25  6.351e+05  7.661e+10  9.004e+00  2.438e+00  1.228e-17  r  4.6
  221  5.326e+08  6.797e+08  6.301e-04  7.217e+25  6.390e+05  7.879e+10  9.204e+00  2.430e+00  1.355e-17  r  4.6
  222  5.319e+08  6.951e+08  6.452e-04  7.217e+25  6.430e+05  8.103e+10  9.407e+00  2.421e+00  1.495e-17  r  4.6
  223  5.313e+08  7.108e+08  6.606e-04  7.217e+25  6.469e+05  8.332e+10  9.614e+00  2.413e+00  1.648e-17  r  4.6
  224  5.306e+08  7.268e+08  6.764e-04  7.217e+25  6.509e+05  8.567e+10  9.825e+00  2.405e+00  1.815e-17  r  4.6
  225  5.299e+08  7.431e+08  6.924e-04  7.217e+25  6.548e+05  8.807e+10  1.004e+01  2.397e+00  1.999e-17  r  4.6
  226  5.292e+08  7.597e+08  7.087e-04  7.217e+25  6.588e+05  9.054e+10  1.026e+01  2.389e+00  2.200e-17  r  4.6
  227  5.285e+08  7.766e+08  7.254e-04  7.217e+25  6.628e+05  9.306e+10  1.048e+01  2.381e+00  2.421e-17  r  4.6
  228  5.278e+08  7.938e+08  7.423e-04  7.217e+25  6.668e+05  9.565e+10  1.071e+01  2.373e+00  2.662e-17  r  4.6
  229  5.272e+08  8.113e+08  7.596e-04  7.217e+25  6.708e+05  9.829e+10  1.094e+01  2.365e+00  2.926e-17  r  4.6
  230  5.265e+08  8.291e+08  7.772e-04  7.217e+25  6.748e+05  1.010e+11  1.117e+01  2.357e+00  3.214e-17  r  4.6
  231  5.258e+08  8.473e+08  7.952e-04  7.217e+25  6.788e+05  1.038e+11  1.141e+01  2.349e+00  3.529e-17  r  4.6
  232  5.251e+08  8.657e+08  8.135e-04  7.217e+25  6.828e+05  1.066e+11  1.166e+01  2.341e+00  3.874e-17  r  4.6
  233  5.244e+08  8.845e+08  8.321e-04  7.217e+25  6.869e+05  1.095e+11  1.190e+01  2.334e+00  4.250e-17  r  4.6
  234  5.237e+08  9.037e+08  8.510e-04  7.217e+25  6.909e+05  1.125e+11  1.216e+01  2.326e+00  4.660e-17  r  4.6
  235  5.231e+08  9.231e+08  8.704e-04  7.217e+25  6.950e+05  1.156e+11  1.241e+01  2.318e+00  5.108e-17  r  4.6
  236  5.224e+08  9.430e+08  8.900e-04  7.217e+25  6.991e+05  1.187e+11  1.267e+01  2.311e+00  5.596e-17  r  4.6
  237  5.217e+08  9.631e+08  9.101e-04  7.217e+25  7.032e+05  1.219e+11  1.294e+01  2.303e+00  6.129e-17  r  4.6
  238  5.210e+08  9.837e+08  9.305e-04  7.217e+25  7.073e+05  1.252e+11  1.321e+01  2.296e+00  6.709e-17  r  4.6
  239  5.203e+08  1.005e+09  9.512e-04  7.217e+25  7.114e+05  1.285e+11  1.349e+01  2.289e+00  7.341e-17  r  4.6
  240  5.197e+08  1.026e+09  9.724e-04  7.217e+25  7.155e+05  1.319e+11  1.377e+01  2.281e+00  8.029e-17  r  4.6
  241  5.190e+08  1.047e+09  9.939e-04  7.217e+25  7.196e+05  1.355e+11  1.405e+01  2.274e+00  8.778e-17  r  4.6
  242  5.183e+08  1.069e+09  1.016e-03  7.217e+25  7.238e+05  1.391e+11  1.434e+01  2.267e+00  9.592e-17  r  4.6
  243  5.176e+08  1.092e+09  1.038e-03  7.217e+25  7.279e+05  1.427e+11  1.464e+01  2.260e+00  1.048e-16  r  4.6
  244  5.169e+08  1.115e+09  1.061e-03  7.217e+25  7.321e+05  1.465e+11  1.494e+01  2.252e+00  1.144e-16  r  4.6
  245  5.162e+08  1.138e+09  1.084e-03  7.217e+25  7.363e+05  1.503e+11  1.524e+01  2.245e+00  1.249e-16  r  4.6
  246  5.156e+08  1.161e+09  1.107e-03  7.217e+25  7.405e+05  1.543e+11  1.555e+01  2.238e+00  1.363e-16  r  4.6
  247  5.149e+08  1.185e+09  1.131e-03  7.217e+25  7.447e+05  1.583e+11  1.587e+01  2.231e+00  1.486e-16  r  4.6
  248  5.142e+08  1.210e+09  1.156e-03  7.217e+25  7.489e+05  1.624e+11  1.619e+01  2.224e+00  1.620e-16  r  4.6
  249  5.135e+08  1.235e+09  1.181e-03  7.217e+25  7.531e+05  1.666e+11  1.652e+01  2.217e+00  1.766e-16  r  4.6
  250  5.128e+08  1.260e+09  1.206e-03  7.217e+25  7.573e+05  1.709e+11  1.685e+01  2.210e+00  1.923e-16  r  4.6
  251  5.121e+08  1.285e+09  1.231e-03  7.217e+25  7.616e+05  1.754e+11  1.719e+01  2.204e+00  2.094e-16  r  4.6
  252  5.115e+08  1.311e+09  1.257e-03  7.217e+25  7.658e+05  1.799e+11  1.753e+01  2.197e+00  2.280e-16  r  4.6
  253  5.108e+08  1.338e+09  1.284e-03  7.217e+25  7.701e+05  1.845e+11  1.788e+01  2.190e+00  2.481e-16  r  4.6
  254  5.101e+08  1.365e+09  1.311e-03  7.217e+25  7.744e+05  1.892e+11  1.824e+01  2.183e+00  2.698e-16  r  4.6
  255  5.094e+08  1.392e+09  1.339e-03  7.217e+25  7.787e+05  1.940e+11  1.860e+01  2.177e+00  2.934e-16  r  4.6
  256  5.087e+08  1.420e+09  1.366e-03  7.217e+25  7.830e+05  1.989e+11  1.897e+01  2.170e+00  3.189e-16  r  4.6
  257  5.080e+08  1.449e+09  1.395e-03  7.217e+25  7.873e+05  2.040e+11  1.934e+01  2.163e+00  3.465e-16  r  4.6
  258  5.074e+08  1.477e+09  1.424e-03  7.217e+25  7.916e+05  2.091e+11  1.972e+01  2.157e+00  3.764e-16  r  4.6
  259  5.067e+08  1.507e+09  1.453e-03  7.217e+25  7.959e+05  2.144e+11  2.011e+01  2.150e+00  4.087e-16  r  4.6
  260  5.060e+08  1.536e+09  1.483e-03  7.217e+25  8.003e+05  2.198e+11  2.050e+01  2.144e+00  4.436e-16  r  4.6
  261  5.053e+08  1.567e+09  1.513e-03  7.217e+25  8.046e+05  2.253e+11  2.090e+01  2.138e+00  4.813e-16  r  4.6
  262  5.046e+08  1.598e+09  1.544e-03  7.217e+25  8.090e+05  2.309e+11  2.131e+01  2.131e+00  5.221e-16  r  4.6
  263  5.039e+08  1.629e+09  1.576e-03  7.217e+25  8.134e+05  2.367e+11  2.172e+01  2.125e+00  5.661e-16  r  4.6
  264  5.033e+08  1.661e+09  1.608e-03  7.217e+25  8.178e+05  2.426e+11  2.214e+01  2.118e+00  6.136e-16  r  4.6
  265  5.026e+08  1.693e+09  1.640e-03  7.217e+25  8.222e+05  2.486e+11  2.257e+01  2.112e+00  6.649e-16  r  4.6
  266  5.019e+08  1.726e+09  1.673e-03  7.217e+25  8.266e+05  2.547e+11  2.301e+01  2.106e+00  7.203e-16  r  4.6
  267  5.012e+08  1.759e+09  1.707e-03  7.217e+25  8.310e+05  2.610e+11  2.345e+01  2.100e+00  7.800e-16  r  4.6
  268  5.005e+08  1.793e+09  1.741e-03  7.217e+25  8.355e+05  2.674e+11  2.390e+01  2.094e+00  8.444e-16  r  4.6
  269  4.998e+08  1.827e+09  1.775e-03  7.217e+25  8.399e+05  2.740e+11  2.435e+01  2.087e+00  9.138e-16  r  4.6
  270  4.992e+08  1.862e+09  1.810e-03  7.217e+25  8.444e+05  2.807e+11  2.481e+01  2.081e+00  9.886e-16  r  4.6
  271  4.985e+08  1.898e+09  1.846e-03  7.217e+25  8.489e+05  2.875e+11  2.529e+01  2.075e+00  1.069e-15  r  4.6
  272  4.978e+08  1.934e+09  1.883e-03  7.217e+25  8.534e+05  2.945e+11  2.576e+01  2.069e+00  1.156e-15  r  4.6
  273  4.971e+08  1.971e+09  1.920e-03  7.217e+25  8.579e+05  3.017e+11  2.625e+01  2.063e+00  1.249e-15  r  4.6
  274  4.964e+08  2.008e+09  1.957e-03  7.217e+25  8.624e+05  3.090e+11  2.675e+01  2.057e+00  1.350e-15  r  4.6
  275  4.958e+08  2.046e+09  1.995e-03  7.217e+25  8.669e+05  3.164e+11  2.725e+01  2.051e+00  1.458e-15  r  4.6
  276  4.951e+08  2.084e+09  2.034e-03  7.217e+25  8.715e+05  3.241e+11  2.776e+01  2.046e+00  1.575e-15  r  4.6
  277  4.944e+08  2.123e+09  2.073e-03  7.217e+25  8.760e+05  3.318e+11  2.828e+01  2.040e+00  1.700e-15  r  4.6
  278  4.937e+08  2.163e+09  2.113e-03  7.217e+25  8.806e+05  3.398e+11  2.881e+01  2.034e+00  1.835e-15  r  4.6
  279  4.930e+08  2.203e+09  2.154e-03  7.217e+25  8.852e+05  3.479e+11  2.934e+01  2.028e+00  1.980e-15  r  4.6
  280  4.923e+08  2.244e+09  2.195e-03  7.217e+25  8.898e+05  3.562e+11  2.989e+01  2.022e+00  2.135e-15  r  4.6
  281  4.917e+08  2.286e+09  2.237e-03  7.217e+25  8.944e+05  3.647e+11  3.044e+01  2.017e+00  2.302e-15  r  4.6
  282  4.910e+08  2.328e+09  2.280e-03  7.217e+25  8.990e+05  3.733e+11  3.100e+01  2.011e+00  2.482e-15  r  4.6
  283  4.903e+08  2.371e+09  2.323e-03  7.217e+25  9.036e+05  3.822e+11  3.157e+01  2.005e+00  2.675e-15  r  4.6
  284  4.896e+08  2.415e+09  2.367e-03  7.217e+25  9.083e+05  3.912e+11  3.215e+01  2.000e+00  2.882e-15  r  4.6
  285  4.889e+08  2.459e+09  2.411e-03  7.217e+25  9.129e+05  4.004e+11  3.274e+01  1.994e+00  3.104e-15  r  4.6
  286  4.882e+08  2.504e+09  2.457e-03  7.217e+25  9.176e+05  4.098e+11  3.334e+01  1.988e+00  3.343e-15  r  4.5
  287  4.876e+08  2.549e+09  2.502e-03  7.217e+25  9.223e+05  4.194e+11  3.395e+01  1.983e+00  3.598e-15  r  4.5
  288  4.869e+08  2.596e+09  2.549e-03  7.217e+25  9.270e+05  4.292e+11  3.457e+01  1.977e+00  3.873e-15  r  4.5
  289  4.862e+08  2.643e+09  2.597e-03  7.217e+25  9.317e+05  4.392e+11  3.519e+01  1.972e+00  4.167e-15  r  4.5
  290  4.855e+08  2.691e+09  2.645e-03  7.217e+25  9.364e+05  4.495e+11  3.583e+01  1.966e+00  4.482e-15  r  4.5
  291  4.848e+08  2.739e+09  2.693e-03  7.217e+25  9.412e+05  4.599e+11  3.648e+01  1.961e+00  4.820e-15  r  4.5
  292  4.841e+08  2.788e+09  2.743e-03  7.217e+25  9.459e+05  4.706e+11  3.714e+01  1.956e+00  5.182e-15  r  4.5
  293  4.835e+08  2.838e+09  2.793e-03  7.217e+25  9.507e+05  4.814e+11  3.780e+01  1.950e+00  5.570e-15  r  4.5
  294  4.828e+08  2.889e+09  2.844e-03  7.217e+25  9.555e+05  4.925e+11  3.848e+01  1.945e+00  5.985e-15  r  4.5
  295  4.821e+08  2.940e+09  2.896e-03  7.217e+25  9.603e+05  5.039e+11  3.917e+01  1.939e+00  6.429e-15  r  4.5
  296  4.814e+08  2.993e+09  2.949e-03  7.217e+25  9.651e+05  5.154e+11  3.987e+01  1.934e+00  6.905e-15  r  4.5
  297  4.807e+08  3.046e+09  3.002e-03  7.217e+25  9.699e+05  5.273e+11  4.058e+01  1.929e+00  7.414e-15  r  4.5
  298  4.800e+08  3.100e+09  3.057e-03  7.217e+25  9.747e+05  5.393e+11  4.131e+01  1.924e+00  7.959e-15  r  4.5
  299  4.794e+08  3.154e+09  3.112e-03  7.217e+25  9.796e+05  5.516e+11  4.204e+01  1.918e+00  8.542e-15  r  4.5
  300  4.787e+08  3.210e+09  3.167e-03  7.217e+25  9.844e+05  5.642e+11  4.278e+01  1.913e+00  9.165e-15  r  4.5
  301  4.780e+08  3.266e+09  3.224e-03  7.217e+25  9.893e+05  5.770e+11  4.354e+01  1.908e+00  9.832e-15  r  4.5
  302  4.773e+08  3.323e+09  3.282e-03  7.217e+25  9.942e+05  5.901e+11  4.431e+01  1.903e+00  1.054e-14  r  4.5
  303  4.766e+08  3.381e+09  3.340e-03  7.217e+25  9.991e+05  6.034e+11  4.509e+01  1.898e+00  1.130e-14  r  4.5
  304  4.759e+08  3.440e+09  3.399e-03  7.217e+25  1.004e+06  6.170e+11  4.588e+01  1.893e+00  1.212e-14  r  4.5
  305  4.753e+08  3.500e+09  3.459e-03  7.217e+25  1.009e+06  6.309e+11  4.668e+01  1.888e+00  1.299e-14  r  4.5
  306  4.746e+08  3.560e+09  3.520e-03  7.217e+25  1.014e+06  6.451e+11  4.750e+01  1.883e+00  1.391e-14  r  4.5
  307  4.739e+08  3.622e+09  3.582e-03  7.217e+25  1.019e+06  6.595e+11  4.833e+01  1.878e+00  1.491e-14  r  4.5
  308  4.732e+08  3.684e+09  3.645e-03  7.217e+25  1.024e+06  6.743e+11  4.917e+01  1.873e+00  1.596e-14  r  4.5
  309  4.725e+08  3.748e+09  3.708e-03  7.217e+25  1.029e+06  6.894e+11  5.002e+01  1.868e+00  1.709e-14  r  4.5
  310  4.719e+08  3.812e+09  3.773e-03  7.217e+25  1.034e+06  7.047e+11  5.089e+01  1.863e+00  1.830e-14  r  4.5
  311  4.712e+08  3.877e+09  3.838e-03  7.217e+25  1.039e+06  7.204e+11  5.177e+01  1.858e+00  1.958e-14  r  4.5
  312  4.705e+08  3.943e+09  3.905e-03  7.217e+25  1.044e+06  7.364e+11  5.266e+01  1.853e+00  2.095e-14  r  4.5
  313  4.698e+08  4.010e+09  3.972e-03  7.217e+25  1.049e+06  7.527e+11  5.357e+01  1.848e+00  2.241e-14  r  4.5
  314  4.691e+08  4.079e+09  4.041e-03  7.217e+25  1.054e+06  7.693e+11  5.449e+01  1.843e+00  2.397e-14  r  4.5
  315  4.684e+08  4.148e+09  4.110e-03  7.217e+25  1.059e+06  7.863e+11  5.543e+01  1.838e+00  2.564e-14  r  4.5
  316  4.678e+08  4.218e+09  4.180e-03  7.217e+25  1.064e+06  8.036e+11  5.638e+01  1.834e+00  2.741e-14  r  4.5
  317  4.671e+08  4.289e+09  4.251e-03  7.217e+25  1.069e+06  8.213e+11  5.734e+01  1.829e+00  2.929e-14  r  4.5
  318  4.664e+08  4.361e+09  4.324e-03  7.217e+25  1.074e+06  8.393e+11  5.832e+01  1.824e+00  3.130e-14  r  4.5
  319  4.657e+08  4.434e+09  4.397e-03  7.217e+25  1.079e+06  8.577e+11  5.931e+01  1.819e+00  3.345e-14  r  4.5
  320  4.650e+08  4.508e+09  4.471e-03  7.217e+25  1.085e+06  8.764e+11  6.032e+01  1.815e+00  3.573e-14  r  4.5
  321  4.643e+08  4.584e+09  4.547e-03  7.217e+25  1.090e+06  8.955e+11  6.135e+01  1.810e+00  3.816e-14  r  4.5
  322  4.637e+08  4.660e+09  4.623e-03  7.217e+25  1.095e+06  9.150e+11  6.238e+01  1.805e+00  4.074e-14  r  4.5
  323  4.630e+08  4.737e+09  4.701e-03  7.217e+25  1.100e+06  9.349e+11  6.344e+01  1.801e+00  4.349e-14  r  4.5
  324  4.623e+08  4.816e+09  4.779e-03  7.217e+25  1.105e+06  9.552e+11  6.451e+01  1.796e+00  4.642e-14  r  4.5
  325  4.616e+08  4.896e+09  4.859e-03  7.217e+25  1.111e+06  9.758e+11  6.560e+01  1.791e+00  4.954e-14  r  4.5
  326  4.609e+08  4.977e+09  4.940e-03  7.217e+25  1.116e+06  9.969e+11  6.670e+01  1.787e+00  5.285e-14  r  4.5
  327  4.602e+08  5.059e+09  5.021e-03  7.217e+25  1.121e+06  1.018e+12  6.782e+01  1.782e+00  5.638e-14  r  4.5
  328  4.596e+08  5.142e+09  5.104e-03  7.217e+25  1.126e+06  1.040e+12  6.895e+01  1.778e+00  6.013e-14  r  4.5
  329  4.589e+08  5.226e+09  5.189e-03  7.217e+25  1.132e+06  1.063e+12  7.010e+01  1.773e+00  6.411e-14  r  4.5
  330  4.582e+08  5.311e+09  5.274e-03  7.217e+25  1.137e+06  1.085e+12  7.127e+01  1.769e+00  6.835e-14  r  4.5
  331  4.575e+08  5.398e+09  5.360e-03  7.217e+25  1.142e+06  1.109e+12  7.246e+01  1.764e+00  7.285e-14  r  4.5
  332  4.568e+08  5.486e+09  5.448e-03  7.217e+25  1.148e+06  1.132e+12  7.367e+01  1.760e+00  7.764e-14  r  4.5
  333  4.561e+08  5.575e+09  5.537e-03  7.217e+25  1.153e+06  1.157e+12  7.489e+01  1.755e+00  8.272e-14  r  4.5
  334  4.555e+08  5.666e+09  5.627e-03  7.217e+25  1.158e+06  1.181e+12  7.613e+01  1.751e+00  8.812e-14  r  4.5
  335  4.548e+08  5.757e+09  5.718e-03  7.217e+25  1.164e+06  1.206e+12  7.739e+01  1.747e+00  9.386e-14  r  4.5
  336  4.541e+08  5.850e+09  5.810e-03  7.217e+25  1.169e+06  1.232e+12  7.867e+01  1.742e+00  9.995e-14  r  4.5
  337  4.534e+08  5.944e+09  5.904e-03  7.217e+25  1.175e+06  1.258e+12  7.996e+01  1.738e+00  1.064e-13  r  4.5
  338  4.527e+08  6.040e+09  5.999e-03  7.217e+25  1.180e+06  1.285e+12  8.128e+01  1.734e+00  1.133e-13  r  4.5
  339  4.520e+08  6.137e+09  6.095e-03  7.217e+25  1.185e+06  1.312e+12  8.261e+01  1.729e+00  1.206e-13  r  4.5
  340  4.514e+08  6.235e+09  6.193e-03  7.217e+25  1.191e+06  1.339e+12  8.397e+01  1.725e+00  1.283e-13  r  4.5
  341  4.507e+08  6.335e+09  6.292e-03  7.217e+25  1.196e+06  1.368e+12  8.534e+01  1.721e+00  1.365e-13  r  4.5
  342  4.500e+08  6.436e+09  6.392e-03  7.217e+25  1.202e+06  1.396e+12  8.673e+01  1.716e+00  1.452e-13  r  4.5
  343  4.493e+08  6.538e+09  6.493e-03  7.217e+25  1.207e+06  1.426e+12  8.815e+01  1.712e+00  1.545e-13  r  4.5
  344  4.486e+08  6.642e+09  6.596e-03  7.217e+25  1.213e+06  1.455e+12  8.958e+01  1.708e+00  1.643e-13  r  4.5
  345  4.480e+08  6.747e+09  6.700e-03  7.217e+25  1.218e+06  1.486e+12  9.104e+01  1.704e+00  1.746e-13  r  4.5
  346  4.473e+08  6.854e+09  6.805e-03  7.217e+25  1.224e+06  1.517e+12  9.252e+01  1.699e+00  1.857e-13  r  4.5
  347  4.466e+08  6.962e+09  6.912e-03  7.217e+25  1.230e+06  1.548e+12  9.402e+01  1.695e+00  1.973e-13  r  4.5
  348  4.459e+08  7.071e+09  7.021e-03  7.217e+25  1.235e+06  1.581e+12  9.554e+01  1.691e+00  2.097e-13  r  4.5
  349  4.452e+08  7.182e+09  7.130e-03  7.217e+25  1.241e+06  1.613e+12  9.708e+01  1.687e+00  2.228e-13  r  4.5
  350  4.445e+08  7.295e+09  7.241e-03  7.217e+25  1.246e+06  1.647e+12  9.865e+01  1.683e+00  2.367e-13  r  4.5
  351  4.439e+08  7.409e+09  7.354e-03  7.217e+25  1.252e+06  1.681e+12  1.002e+02  1.679e+00  2.514e-13  r  4.5
  352  4.432e+08  7.525e+09  7.468e-03  7.217e+25  1.258e+06  1.716e+12  1.018e+02  1.675e+00  2.670e-13  r  4.5
  353  4.425e+08  7.642e+09  7.584e-03  7.217e+25  1.263e+06  1.751e+12  1.035e+02  1.670e+00  2.835e-13  r  4.5
  354  4.418e+08  7.761e+09  7.701e-03  7.217e+25  1.269e+06  1.787e+12  1.051e+02  1.666e+00  3.010e-13  r  4.5
  355  4.411e+08  7.881e+09  7.819e-03  7.217e+25  1.275e+06  1.824e+12  1.068e+02  1.662e+00  3.195e-13  r  4.5
  356  4.404e+08  8.003e+09  7.939e-03  7.217e+25  1.281e+06  1.862e+12  1.085e+02  1.658e+00  3.391e-13  r  4.5
  357  4.398e+08  8.127e+09  8.061e-03  7.217e+25  1.286e+06  1.900e+12  1.103e+02  1.654e+00  3.598e-13  r  4.5
  358  4.391e+08  8.252e+09  8.184e-03  7.217e+25  1.292e+06  1.939e+12  1.120e+02  1.650e+00  3.818e-13  r  4.5
  359  4.384e+08  8.380e+09  8.308e-03  7.217e+25  1.298e+06  1.978e+12  1.138e+02  1.646e+00  4.050e-13  r  4.5
  360  4.377e+08  8.508e+09  8.435e-03  7.217e+25  1.304e+06  2.019e+12  1.156e+02  1.642e+00  4.296e-13  r  4.5
  361  4.370e+08  8.639e+09  8.562e-03  7.217e+25  1.310e+06  2.060e+12  1.174e+02  1.638e+00  4.556e-13  r  4.5
  362  4.363e+08  8.771e+09  8.692e-03  7.217e+25  1.315e+06  2.102e+12  1.193e+02  1.634e+00  4.831e-13  r  4.5
  363  4.357e+08  8.905e+09  8.823e-03  7.217e+25  1.321e+06  2.144e+12  1.212e+02  1.631e+00  5.122e-13  r  4.5
  364  4.350e+08  9.041e+09  8.956e-03  7.217e+25  1.327e+06  2.188e+12  1.231e+02  1.627e+00  5.429e-13  r  4.5
  365  4.343e+08  9.179e+09  9.090e-03  7.217e+25  1.333e+06  2.232e+12  1.250e+02  1.623e+00  5.754e-13  r  4.5
  366  4.336e+08  9.318e+09  9.226e-03  7.217e+25  1.339e+06  2.278e+12  1.270e+02  1.619e+00  6.098e-13  r  4.5
  367  4.329e+08  9.459e+09  9.364e-03  7.217e+25  1.345e+06  2.324e+12  1.290e+02  1.615e+00  6.461e-13  r  4.5
  368  4.322e+08  9.603e+09  9.504e-03  7.217e+25  1.351e+06  2.371e+12  1.310e+02  1.611e+00  6.845e-13  r  4.5
  369  4.316e+08  9.748e+09  9.645e-03  7.217e+25  1.357e+06  2.418e+12  1.331e+02  1.607e+00  7.251e-13  r  4.5
  370  4.309e+08  9.895e+09  9.788e-03  7.217e+25  1.363e+06  2.467e+12  1.352e+02  1.604e+00  7.679e-13  r  4.5
  371  4.302e+08  1.004e+10  9.933e-03  7.217e+25  1.369e+06  2.517e+12  1.373e+02  1.600e+00  8.132e-13  r  4.5
  372  4.295e+08  1.019e+10  1.008e-02  7.217e+25  1.375e+06  2.567e+12  1.394e+02  1.596e+00  8.611e-13  r  4.5
  373  4.227e+08  1.182e+10  1.161e-02  7.217e+25  1.438e+06  3.142e+12  1.632e+02  1.558e+00  1.534e-12  r  4.5
  374  4.159e+08  1.368e+10  1.335e-02  7.217e+25  1.502e+06  3.835e+12  1.906e+02  1.521e+00  2.696e-12  r  4.5
  375  4.090e+08  1.580e+10  1.531e-02  7.217e+25  1.569e+06  4.670e+12  2.222e+02  1.486e+00  4.677e-12  r  4.5
  376  4.022e+08  1.821e+10  1.751e-02  7.217e+25  1.639e+06  5.674e+12  2.585e+02  1.452e+00  8.017e-12  r  4.5
  377  3.954e+08  2.094e+10  1.999e-02  7.217e+25  1.710e+06  6.879e+12  3.003e+02  1.419e+00  1.359e-11  r  4.5
  378  3.885e+08  2.405e+10  2.276e-02  7.217e+25  1.784e+06  8.323e+12  3.483e+02  1.387e+00  2.278e-11  r  4.5
  379  3.817e+08  2.756e+10  2.587e-02  7.217e+25  1.861e+06  1.005e+13  4.034e+02  1.355e+00  3.783e-11  r  4.5
  380  3.749e+08  3.154e+10  2.933e-02  7.217e+25  1.940e+06  1.212e+13  4.666e+02  1.325e+00  6.222e-11  r  4.5
  381  3.681e+08  3.603e+10  3.319e-02  7.217e+25  2.022e+06  1.459e+13  5.389e+02  1.296e+00  1.014e-10  r  4.5
  382  3.612e+08  4.111e+10  3.748e-02  7.217e+25  2.107e+06  1.755e+13  6.218e+02  1.267e+00  1.640e-10  r  4.5
  383  3.544e+08  4.683e+10  4.224e-02  7.217e+25  2.195e+06  2.107e+13  7.166e+02  1.239e+00  2.631e-10  r  4.5
  384  3.476e+08  5.327e+10  4.751e-02  7.217e+25  2.286e+06  2.526e+13  8.250e+02  1.211e+00  4.189e-10  r  4.4
  385  3.407e+08  6.052e+10  5.334e-02  7.217e+25  2.381e+06  3.025e+13  9.489e+02  1.184e+00  6.621e-10  r  4.4
  386  3.339e+08  6.867e+10  5.977e-02  7.217e+25  2.479e+06  3.620e+13  1.090e+03  1.158e+00  1.040e-09  r  4.4
  387  3.271e+08  7.782e+10  6.686e-02  7.217e+25  2.580e+06  4.326e+13  1.252e+03  1.132e+00  1.622e-09  r  4.4
  388  3.203e+08  8.808e+10  7.465e-02  7.217e+25  2.686e+06  5.165e+13  1.436e+03  1.107e+00  2.514e-09  r  4.4
  389  3.134e+08  9.959e+10  8.321e-02  7.217e+25  2.795e+06  6.161e+13  1.646e+03  1.082e+00  3.874e-09  r  4.4
  390  3.066e+08  1.125e+11  9.258e-02  7.217e+25  2.909e+06  7.342e+13  1.884e+03  1.057e+00  5.935e-09  r  4.4
  391  2.998e+08  1.269e+11  1.028e-01  7.217e+25  3.027e+06  8.741e+13  2.156e+03  1.033e+00  9.043e-09  r  4.4
  392  2.929e+08  1.429e+11  1.140e-01  7.217e+25  3.150e+06  1.040e+14  2.465e+03  1.008e+00  1.370e-08  r  4.4
  393  2.861e+08  1.609e+11  1.262e-01  7.217e+25  3.277e+06  1.236e+14  2.815e+03  9.845e-01  2.065e-08  r  4.3
  394  2.793e+08  1.809e+11  1.395e-01  7.217e+25  3.410e+06  1.467e+14  3.213e+03  9.608e-01  3.097e-08  r  4.3
  395  2.725e+08  2.032e+11  1.539e-01  7.217e+25  3.547e+06  1.740e+14  3.663e+03  9.372e-01  4.619e-08  r  4.3
  396  2.656e+08  2.279e+11  1.695e-01  7.217e+25  3.690e+06  2.062e+14  4.172e+03  9.138e-01  6.855e-08  r  4.3
  397  2.588e+08  2.553e+11  1.863e-01  7.216e+25  3.839e+06  2.441e+14  4.747e+03  8.905e-01  1.012e-07  r  4.3
  398  2.520e+08  2.858e+11  2.045e-01  7.216e+25  3.993e+06  2.885e+14  5.395e+03  8.673e-01  1.486e-07  r  4.2
  399  2.451e+08  3.194e+11  2.239e-01  7.215e+25  4.153e+06  3.407e+14  6.125e+03  8.442e-01  2.172e-07  r  4.2
  400  2.383e+08  3.565e+11  2.448e-01  7.215e+25  4.320e+06  4.017e+14  6.944e+03  8.210e-01  3.157e-07  r  4.2
  401  2.315e+08  3.974e+11  2.671e-01  7.213e+25  4.492e+06  4.730e+14  7.861e+03  7.979e-01  4.564e-07  r  4.2
  402  2.247e+08  4.423e+11  2.909e-01  7.211e+25  4.672e+06  5.559e+14  8.886e+03  7.748e-01  6.562e-07  r  4.1
  403  2.178e+08  4.915e+11  3.161e-01  7.208e+25  4.858e+06  6.523e+14  1.003e+04  7.516e-01  9.381e-07  r  4.1
  404  2.110e+08  5.454e+11  3.427e-01  7.204e+25  5.051e+06  7.638e+14  1.129e+04  7.284e-01  1.333e-06  r  4.0
  405  2.042e+08  6.040e+11  3.708e-01  7.197e+25  5.250e+06  8.925e+14  1.269e+04  7.052e-01  1.883e-06  r  4.0
  406  1.973e+08  6.677e+11  4.002e-01  7.188e+25  5.457e+06  1.040e+15  1.423e+04  6.819e-01  2.642e-06  r  4.0
  407  1.905e+08  7.366e+11  4.309e-01  7.173e+25  5.671e+06  1.209e+15  1.592e+04  6.586e-01  3.683e-06  r  3.9
  408  1.837e+08  8.110e+11  4.627e-01  7.153e+25  5.891e+06  1.402e+15  1.777e+04  6.353e-01  5.099e-06  r  3.9
  409  1.769e+08  8.908e+11  4.955e-01  7.123e+25  6.119e+06  1.620e+15  1.977e+04  6.121e-01  7.006e-06  r  3.8
  410  1.700e+08  9.762e+11  5.292e-01  7.082e+25  6.353e+06  1.866e+15  2.192e+04  5.890e-01  9.551e-06  r  3.8
  411  1.632e+08  1.067e+12  5.635e-01  7.025e+25  6.594e+06  2.140e+15  2.424e+04  5.660e-01  1.291e-05  r  3.7
  412  1.564e+08  1.164e+12  5.982e-01  6.948e+25  6.841e+06  2.446e+15  2.670e+04  5.432e-01  1.731e-05  r  3.6
  413  1.495e+08  1.265e+12  6.331e-01  6.844e+25  7.093e+06  2.783e+15  2.930e+04  5.208e-01  2.299e-05  r  3.6
  414  1.427e+08  1.372e+12  6.678e-01  6.707e+25  7.350e+06  3.153e+15  3.203e+04  4.989e-01  3.024e-05  r  3.5
  415  1.359e+08  1.483e+12  7.021e-01  6.531e+25  7.610e+06  3.554e+15  3.487e+04  4.774e-01  3.938e-05  r  3.4
  416  1.291e+08  1.599e+12  7.357e-01  6.308e+25  7.873e+06  3.985e+15  3.780e+04  4.567e-01  5.072e-05  r  3.4
  417  1.222e+08  1.719e+12  7.682e-01  6.031e+25  8.137e+06  4.446e+15  4.079e+04  4.368e-01  6.459e-05  r  3.3
  418  1.154e+08  1.842e+12  7.993e-01  5.695e+25  8.401e+06  4.931e+15  4.383e+04  4.177e-01  8.129e-05  r  3.2
  419  1.086e+08  1.969e+12  8.287e-01  5.298e+25  8.663e+06  5.438e+15  4.687e+04  3.997e-01  1.010e-04  r  3.2
  420  1.017e+08  2.098e+12  8.563e-01  4.839e+25  8.920e+06  5.961e+15  4.989e+04  3.829e-01  1.240e-04  r  3.1
  421  9.492e+07  2.229e+12  8.816e-01  4.325e+25  9.170e+06  6.493e+15  5.286e+04  3.673e-01  1.500e-04  r  3.1
  422  8.809e+07  2.363e+12  9.046e-01  3.764e+25  9.411e+06  7.026e+15  5.574e+04  3.530e-01  1.790e-04  r  3.0
  423  8.126e+07  2.498e+12  9.251e-01  3.173e+25  9.640e+06  7.554e+15  5.850e+04  3.400e-01  2.104e-04  r  3.0
  424  7.443e+07  2.634e+12  9.431e-01  2.569e+25  9.854e+06  8.065e+15  6.110e+04  3.285e-01  2.436e-04  r  3.0
  425  6.760e+07  2.772e+12  9.584e-01  1.977e+25  1.005e+07  8.549e+15  6.352e+04  3.186e-01  2.774e-04  r  3.0
  426  6.077e+07  2.911e+12  9.712e-01  1.421e+25  1.022e+07  8.995e+15  6.570e+04  3.103e-01  3.106e-04  r  3.0
  427  5.395e+07  3.050e+12  9.815e-01  9.231e+24  1.037e+07  9.390e+15  6.762e+04  3.037e-01  3.412e-04  r  3.0
  428  4.712e+07  3.191e+12  9.894e-01  5.038e+24  1.048e+07  9.716e+15  6.921e+04  2.991e-01  3.670e-04  r  3.2
  429  4.029e+07  3.333e+12  9.953e-01  1.755e+24  1.055e+07  9.952e+15  7.043e+04  2.970e-01  3.850e-04  r  3.6
  430  3.346e+07  3.476e+12  9.993e-01 -5.806e+23  1.058e+07  1.006e+16  7.100e+04  2.963e-01  3.933e-04  r  3.8
  431  2.663e+07  3.621e+12  1.002e+00 -2.032e+24  1.052e+07  9.974e+15  7.078e+04  3.009e-01  3.819e-04  c  1.5
  432  1.980e+07  3.768e+12  1.003e+00 -2.755e+24  1.028e+07  9.482e+15  6.890e+04  3.170e-01  3.336e-04  c  2.1
  433  1.297e+07  3.940e+12  1.004e+00 -2.988e+24  8.983e+06  7.568e+15  6.291e+04  4.518e-01  1.617e-04  c  1.7
  434          0  1.731e+15  1.004e+00 -2.988e+24 -8.983e+06  1.747e+17 -5.627e+06 -9.990e+01  5.460e-04  *-99.9
